mdb005_1:[444, 831, 540, 921]
mdb005_2:[447, 846, 526, 922]
mdb010_1:[488, 565, 557, 628]
mdb012_1:[428, 533, 503, 600]
mdb013_1:[637, 635, 703, 687]
mdb015_1:[552, 103, 653, 209]
mdb019_1:[606, 500, 695, 589]
mdb021_1:[450, 856, 542, 940]
mdb023_1:[509, 318, 569, 380]
mdb025_1:[598, 535, 704, 623]
mdb028_1:[281, 638, 399, 761]
mdb032_1:[570, 701, 652, 781]
mdb058_1:[290, 634, 363, 707]
mdb063_1:[512, 530, 595, 611]
mdb069_1:[427, 582, 508, 661]
mdb132_1:[197, 214, 270, 272]
mdb134_1:[424, 251, 509, 343]
mdb141_1:[439, 244, 493, 294]
mdb142_1:[318, 355, 384, 418]
mdb144_1:[282, 454, 350, 512]
mdb145_1:[669, 828, 750, 903]
mdb175_1:[605, 819, 664, 870]
mdb178_1:[461, 379, 544, 470]
mdb181_1:[470, 606, 587, 707]
mdb184_1:[269, 321, 432, 488]
mdb190_1:[486, 379, 537, 422]
mdb199_1:[608, 818, 675, 882]
mdb202_1:[514, 212, 597, 291]
mdb204_1:[304, 598, 367, 658]
mdb206_1:[335, 792, 398, 853]
mdb207_1:[582, 594, 658, 662]
mdb244_1:[399, 417, 509, 520]
mdb244_2:[393, 430, 487, 522]
mdb267_1:[741, 495, 828, 593]
mdb267_2:[745, 513, 824, 588]
mdb271_1:[735, 690, 833, 812]
mdb290_1:[316, 632, 384, 716]
mdb312_1:[393, 719, 440, 761]
