mdb001_1:[431, 487, 656, 673]
mdb002_1:[372, 496, 628, 801]
mdb005_1:[444, 835, 542, 919]
mdb005_2:[610, 624, 852, 924]
mdb005_3:[467, 552, 501, 586]
mdb010_1:[487, 568, 554, 625]
mdb012_1:[429, 534, 502, 596]
mdb013_1:[506, 521, 775, 821]
mdb015_1:[544, 105, 652, 212]
mdb017_1:[441, 392, 632, 700]
mdb019_1:[611, 503, 695, 591]
mdb021_1:[454, 855, 538, 941]
mdb021_2:[524, 379, 654, 499]
mdb023_1:[508, 315, 566, 377]
mdb023_2:[637, 732, 840, 958]
mdb025_1:[592, 531, 761, 638]
mdb028_1:[278, 653, 392, 765]
mdb032_1:[284, 0, 324, 32]
mdb058_1:[294, 635, 367, 725]
mdb063_1:[511, 532, 591, 615]
mdb069_1:[427, 585, 507, 651]
mdb132_1:[198, 222, 265, 267]
mdb132_2:[314, 242, 351, 275]
mdb134_1:[425, 253, 506, 345]
mdb141_1:[446, 252, 495, 289]
mdb142_1:[320, 364, 378, 413]
mdb144_1:[0, 0, 194, 257]
mdb144_2:[205, 5, 276, 49]
mdb148_1:[212, 365, 422, 498]
mdb178_1:[437, 370, 544, 541]
mdb178_2:[310, 0, 595, 234]
mdb178_3:[338, 0, 602, 209]
mdb179_1:[473, 353, 681, 607]
mdb181_1:[597, 0, 774, 260]
mdb184_1:[273, 312, 431, 488]
mdb190_1:[487, 388, 538, 418]
mdb195_1:[464, 445, 535, 500]
mdb195_2:[261, 645, 333, 741]
mdb195_3:[350, 554, 421, 665]
mdb198_1:[269, 0, 514, 234]
mdb202_1:[509, 211, 599, 292]
mdb206_1:[338, 798, 397, 845]
mdb206_2:[668, 1, 818, 110]
mdb207_1:[438, 438, 651, 728]
mdb244_1:[255, 0, 370, 109]
mdb244_2:[392, 415, 526, 535]
mdb264_1:[250, 0, 327, 76]
mdb265_1:[673, 549, 725, 600]
mdb267_1:[753, 497, 836, 590]
mdb270_1:[330, 46, 388, 113]
mdb270_2:[324, 153, 358, 198]
mdb271_1:[729, 690, 838, 814]
mdb274_1:[27, 434, 83, 495]
mdb290_1:[419, 408, 631, 714]
mdb290_2:[313, 634, 386, 713]
mdb312_1:[174, 0, 377, 214]
mdb315_1:[421, 398, 645, 655]
