20588046_1: [1, 1.0, 1.0, 0.6734747434294238, 0.8048818735671902]
22579730_1: [1, 1.0, 1.0, 0.9345325433081232, 0.9661585136324845]
22579730_2: [1, 1.0, 1.0, 0.5317100163189652, 0.6942698169419573]
22580244_1: [1, 1.0, 1.0, 0.7395790912947344, 0.8502965976031366]
22678833_1: [1, 1.0, 1.0, 0.8058173213545857, 0.892468260023249]
24055445_1: [1, 1.0, 1.0, 0.627896850175962, 0.7714209289219911]
24065707_1: [1, 1.0, 1.0, 0.5929022073739204, 0.7444301409455472]
27829188_1: [1, 1.0, 1.0, 0.8595856631670333, 0.9244916006752659]
30011553_1: [1, 1.0, 1.0, 0.8145571365653229, 0.8978026871142278]
50999008_1: [1, 1.0, 1.0, 0.9000942137504953, 0.9474206144482141]
51049107_1: [0, 0.0, 0.0, 0.0, 0.0]
