01181_LEFT_CC_1:[71, 1585, 378, 1970]
01185_RIGHT_CC_1:[3685, 2924, 3935, 3316]
01194_LEFT_MLO_1:[1593, 2505, 1857, 2886]
01209_LEFT_CC_1:[660, 2800, 871, 3056]
01212_RIGHT_MLO_1:[1745, 2075, 2033, 2521]
01216_RIGHT_MLO_1:[1562, 4130, 1770, 4333]
01218_RIGHT_CC_1:[2641, 1951, 3070, 2614]
01218_RIGHT_CC_2:[2235, 2450, 2430, 2650]
01218_RIGHT_CC_3:[2699, 1966, 3039, 2511]
01218_RIGHT_MLO_1:[2823, 3463, 3233, 4031]
01222_LEFT_MLO_1:[42, 837, 375, 1318]
01225_RIGHT_CC_1:[2881, 1697, 3375, 2287]
01225_RIGHT_MLO_1:[2145, 1696, 2631, 2305]
01230_LEFT_MLO_1:[3261, 4174, 3601, 4715]
01233_LEFT_MLO_1:[2415, 4556, 2659, 4834]
01237_RIGHT_MLO_1:[2356, 1293, 2489, 1470]
01239_RIGHT_CC_1:[986, 2121, 1195, 2463]
01243_LEFT_CC_1:[226, 1919, 647, 2469]
01248_LEFT_MLO_1:[375, 2011, 610, 2330]
01250_RIGHT_CC_1:[2706, 1442, 3194, 2000]
01250_RIGHT_MLO_1:[2309, 2263, 2766, 2863]
01258_LEFT_CC_1:[1271, 3828, 1573, 4217]
01258_LEFT_CC_2:[3621, 4854, 3791, 5063]
01258_LEFT_CC_3:[2573, 1676, 2806, 1984]
01261_LEFT_CC_1:[727, 868, 965, 1198]
01261_LEFT_MLO_1:[1034, 2581, 1294, 2912]
01264_LEFT_MLO_1:[2900, 3103, 3152, 3396]
01265_RIGHT_CC_1:[2316, 3938, 2570, 4212]
01270_LEFT_CC_1:[345, 1406, 628, 1618]
01270_RIGHT_CC_1:[2020, 1124, 2868, 2161]
01270_RIGHT_CC_2:[1943, 1200, 2688, 2092]
01270_RIGHT_MLO_1:[1798, 1264, 2763, 2446]
01270_RIGHT_MLO_2:[1752, 1306, 2531, 2291]
01270_RIGHT_MLO_3:[2061, 1480, 2778, 2315]
01271_RIGHT_CC_1:[156, 3601, 423, 4078]
01274_RIGHT_MLO_1:[2778, 1934, 2944, 2138]
01280_RIGHT_CC_1:[2490, 2741, 2688, 2933]
01285_RIGHT_MLO_1:[2088, 3796, 2337, 4132]
01290_RIGHT_CC_1:[2516, 1096, 2803, 1474]
01302_RIGHT_CC_1:[2088, 1577, 2342, 1889]
01302_RIGHT_MLO_1:[1600, 2277, 1841, 2589]
01305_LEFT_CC_1:[370, 1857, 528, 2092]
01326_LEFT_MLO_1:[506, 1527, 912, 2125]
01332_RIGHT_MLO_1:[1988, 2877, 2134, 3069]
01340_LEFT_CC_1:[1835, 2037, 2044, 2358]
01340_LEFT_CC_2:[3560, 1530, 3720, 1743]
01340_LEFT_CC_3:[3543, 1508, 3738, 1780]
01343_LEFT_CC_1:[788, 1622, 1209, 2150]
01343_LEFT_CC_2:[1308, 1926, 1706, 2426]
01343_LEFT_CC_3:[1339, 1981, 1655, 2398]
01343_LEFT_MLO_1:[1119, 1595, 1419, 2033]
01349_LEFT_MLO_1:[1334, 3156, 1576, 3505]
01350_RIGHT_CC_1:[3226, 1695, 3512, 2012]
01350_RIGHT_CC_2:[3874, 1684, 4008, 1901]
01350_RIGHT_MLO_1:[2781, 2366, 3106, 2728]
01356_LEFT_CC_1:[1337, 2172, 1811, 2829]
01356_LEFT_MLO_1:[1085, 3395, 1614, 4068]
01364_LEFT_CC_1:[1330, 3240, 1719, 3817]
01364_LEFT_MLO_1:[1567, 3538, 2070, 4170]
01364_LEFT_MLO_2:[1649, 3617, 2059, 4139]
01371_RIGHT_CC_1:[1070, 1608, 1519, 2243]
01373_RIGHT_MLO_1:[2595, 1439, 2827, 1713]
01374_RIGHT_CC_1:[2368, 2600, 2549, 2825]
01374_RIGHT_CC_2:[2346, 2578, 2562, 2879]
01374_RIGHT_MLO_1:[1914, 2875, 2156, 3208]
01382_LEFT_CC_1:[86, 1587, 303, 1891]
01382_LEFT_MLO_1:[321, 2679, 530, 2945]
01383_LEFT_MLO_1:[69, 2957, 441, 3458]
01389_RIGHT_CC_1:[2104, 1403, 2335, 1631]
01394_LEFT_MLO_1:[813, 3822, 1241, 4452]
01405_RIGHT_CC_1:[1789, 1606, 2027, 1885]
01405_RIGHT_MLO_1:[1651, 2426, 1860, 2739]
01412_LEFT_CC_1:[867, 2181, 1071, 2423]
01412_LEFT_MLO_1:[1506, 2785, 1736, 3064]
01412_LEFT_MLO_2:[2037, 3714, 2274, 4145]
01413_RIGHT_CC_1:[263, 2538, 535, 2827]
01413_RIGHT_MLO_1:[328, 4296, 619, 4541]
01423_RIGHT_CC_1:[2342, 2618, 2549, 2841]
01426_RIGHT_CC_1:[1674, 1417, 1919, 1750]
01426_RIGHT_MLO_1:[1575, 2989, 1850, 3306]
01427_LEFT_MLO_1:[1560, 2207, 1897, 2645]
01431_LEFT_MLO_1:[2058, 2387, 2202, 2624]
01434_LEFT_CC_1:[43, 2333, 472, 2982]
01434_LEFT_MLO_1:[126, 1770, 588, 2483]
01439_LEFT_CC_1:[2051, 4557, 2359, 4991]
01441_RIGHT_CC_1:[564, 4400, 823, 4715]
01441_RIGHT_MLO_1:[374, 3323, 601, 3623]
01442_RIGHT_CC_1:[1690, 4819, 1990, 5239]
01442_RIGHT_MLO_1:[1781, 4226, 2130, 4597]
01447_RIGHT_CC_1:[370, 2160, 826, 2690]
01447_RIGHT_MLO_1:[399, 3580, 795, 4093]
01452_RIGHT_CC_1:[2595, 2999, 2731, 3189]
01461_RIGHT_CC_1:[2063, 1752, 2291, 2068]
01461_RIGHT_MLO_1:[1961, 2693, 2196, 3047]
01473_RIGHT_MLO_1:[2799, 2542, 3060, 2842]
01474_RIGHT_CC_1:[176, 1012, 557, 1561]
01474_RIGHT_CC_2:[224, 1057, 519, 1508]
01474_RIGHT_MLO_1:[752, 3461, 935, 3753]
01474_RIGHT_MLO_2:[623, 1813, 1040, 2469]
01481_RIGHT_CC_1:[2736, 4284, 2964, 4596]
01481_RIGHT_MLO_1:[2806, 3109, 3047, 3466]
01491_RIGHT_MLO_1:[1897, 1181, 2206, 1634]
01498_RIGHT_MLO_1:[2595, 1951, 2835, 2270]
01503_LEFT_CC_1:[2047, 910, 2255, 1217]
01503_LEFT_MLO_1:[2113, 3292, 2339, 3566]
01506_LEFT_MLO_1:[2125, 2945, 2350, 3306]
01508_LEFT_MLO_1:[2178, 3183, 2491, 3528]
01509_RIGHT_MLO_1:[440, 3628, 684, 4017]
01516_RIGHT_CC_1:[1400, 2943, 1692, 3319]
01516_RIGHT_MLO_1:[1389, 2973, 1669, 3327]
01529_RIGHT_CC_1:[1973, 1147, 2563, 1859]
01529_RIGHT_MLO_1:[1722, 1497, 2356, 2238]
01540_LEFT_MLO_1:[251, 2684, 687, 3147]
01556_LEFT_CC_1:[102, 1175, 635, 1801]
01556_LEFT_CC_2:[129, 1263, 535, 1764]
01557_RIGHT_CC_1:[242, 1551, 381, 1777]
01557_RIGHT_MLO_1:[89, 3605, 236, 3841]
01560_RIGHT_CC_1:[723, 1533, 1061, 1932]
01560_RIGHT_MLO_1:[1646, 3451, 1963, 3775]
01565_RIGHT_CC_1:[2050, 3313, 2403, 3819]
01565_RIGHT_MLO_1:[2299, 3072, 2765, 3669]
01567_LEFT_MLO_1:[324, 1313, 780, 1918]
01567_LEFT_MLO_2:[976, 2299, 1264, 2707]
01572_RIGHT_CC_1:[1837, 3683, 2025, 3898]
01572_RIGHT_MLO_1:[1941, 3567, 2122, 3782]
01573_RIGHT_CC_1:[1572, 1805, 2010, 2404]
01581_LEFT_CC_1:[1604, 4080, 1757, 4339]
01581_LEFT_MLO_1:[1694, 4288, 1851, 4524]
01583_RIGHT_MLO_1:[497, 4777, 689, 5156]
01589_LEFT_CC_1:[312, 987, 555, 1311]
01589_LEFT_MLO_1:[715, 1830, 922, 2103]
01591_LEFT_CC_1:[862, 3584, 1155, 3949]
01591_LEFT_MLO_1:[1024, 3608, 1333, 4020]
01593_LEFT_CC_1:[111, 2326, 433, 2802]
01596_RIGHT_MLO_1:[218, 2117, 645, 2760]
01600_RIGHT_CC_1:[2183, 1272, 2588, 1831]
01600_RIGHT_MLO_1:[1589, 1358, 1981, 1871]
01604_LEFT_CC_1:[986, 1958, 1267, 2351]
01604_LEFT_MLO_1:[934, 3090, 1215, 3535]
01606_RIGHT_MLO_1:[2581, 1549, 2726, 1752]
01608_RIGHT_MLO_1:[1933, 2380, 2125, 2594]
01611_RIGHT_CC_1:[361, 2183, 501, 2403]
01611_RIGHT_MLO_1:[626, 2856, 770, 3062]
01611_RIGHT_MLO_2:[612, 2834, 786, 3077]
01612_LEFT_CC_1:[1385, 1398, 1856, 2169]
01612_LEFT_MLO_1:[1138, 2116, 1492, 2740]
01620_RIGHT_MLO_1:[1860, 2227, 2183, 2666]
01620_RIGHT_MLO_2:[1884, 2233, 2156, 2592]
01621_RIGHT_CC_1:[1736, 2336, 1944, 2552]
01630_RIGHT_MLO_1:[2533, 3532, 2879, 4019]
01632_LEFT_CC_1:[677, 842, 810, 1017]
01632_LEFT_MLO_1:[1418, 721, 1580, 890]
01633_RIGHT_CC_1:[2372, 2950, 2562, 3186]
01633_RIGHT_MLO_1:[1831, 1818, 2005, 2027]
01634_LEFT_CC_1:[129, 1767, 341, 2061]
01635_LEFT_CC_1:[1146, 2232, 1575, 2767]
01635_LEFT_CC_2:[1125, 2175, 1631, 2850]
01635_LEFT_MLO_1:[1271, 2492, 1628, 2960]
01637_LEFT_MLO_1:[2050, 2395, 2292, 2737]
01638_RIGHT_CC_1:[961, 3620, 1130, 3931]
01641_LEFT_CC_1:[2398, 4651, 2686, 5072]
01641_LEFT_MLO_1:[2339, 3679, 2553, 3986]
01642_RIGHT_CC_1:[1575, 2724, 1772, 2938]
01642_RIGHT_MLO_1:[1876, 3049, 2050, 3281]
01644_LEFT_CC_1:[172, 2429, 335, 2654]
01644_LEFT_MLO_1:[800, 1859, 994, 2087]
01644_RIGHT_MLO_1:[1972, 3570, 2289, 3950]
01649_LEFT_CC_1:[159, 1649, 323, 1919]
01652_RIGHT_CC_1:[1082, 2824, 1265, 3086]
01652_RIGHT_MLO_1:[1432, 3741, 1608, 3994]
01654_RIGHT_CC_1:[1820, 2218, 2208, 2750]
01663_RIGHT_CC_1:[2271, 2416, 2729, 2991]
01668_LEFT_CC_1:[138, 1371, 520, 1972]
01668_LEFT_MLO_1:[607, 2363, 943, 2901]
01669_LEFT_CC_1:[1989, 1514, 2498, 2285]
01671_LEFT_CC_1:[157, 1307, 594, 2010]
01671_LEFT_MLO_1:[445, 2662, 896, 3329]
01671_LEFT_MLO_2:[444, 2778, 801, 3313]
01674_LEFT_CC_1:[886, 1939, 1212, 2305]
01675_RIGHT_CC_1:[1805, 3343, 1980, 3669]
01682_LEFT_MLO_1:[110, 838, 703, 1782]
01685_RIGHT_CC_1:[1236, 1827, 1623, 2309]
01685_RIGHT_MLO_1:[1097, 2702, 1495, 3220]
01686_RIGHT_MLO_1:[1526, 2773, 1808, 3157]
01689_LEFT_MLO_1:[2066, 4107, 2307, 4406]
01694_RIGHT_CC_1:[294, 3067, 456, 3324]
01698_RIGHT_CC_1:[3161, 820, 3322, 1011]
01698_RIGHT_MLO_1:[2323, 1968, 2483, 2187]
01701_LEFT_CC_1:[366, 2170, 1014, 2853]
01701_LEFT_MLO_1:[1568, 2048, 1926, 2514]
01701_LEFT_MLO_2:[0, 604, 291, 1119]
01702_RIGHT_MLO_1:[1236, 2708, 1489, 2997]
01710_LEFT_CC_1:[1538, 2977, 1725, 3198]
01712_LEFT_CC_1:[1898, 4196, 2148, 4521]
01712_LEFT_MLO_1:[1211, 3887, 1498, 4220]
01712_RIGHT_CC_1:[1794, 2370, 1981, 2581]
01712_RIGHT_MLO_1:[1137, 2318, 1334, 2555]
01715_RIGHT_CC_1:[1826, 1939, 2039, 2285]
01720_RIGHT_MLO_1:[2888, 3289, 3202, 3650]
01725_RIGHT_CC_1:[1765, 2654, 2104, 3161]
01725_RIGHT_MLO_1:[1702, 2414, 2183, 3081]
01735_RIGHT_MLO_1:[2462, 3526, 2640, 3746]
01739_LEFT_CC_1:[1253, 1516, 1552, 1868]
01739_LEFT_MLO_1:[2079, 2253, 2356, 2607]
01739_RIGHT_CC_1:[3111, 2218, 3367, 2465]
01739_RIGHT_MLO_1:[2836, 3137, 3018, 3371]
01744_LEFT_MLO_1:[1416, 3909, 1556, 4127]
01744_LEFT_MLO_2:[2077, 4797, 2274, 5049]
01744_LEFT_MLO_3:[2088, 4826, 2247, 5027]
01751_LEFT_CC_1:[442, 2590, 728, 2928]
01751_LEFT_CC_2:[482, 2631, 711, 2914]
01753_RIGHT_CC_1:[2421, 1916, 2683, 2229]
01754_RIGHT_CC_1:[103, 2051, 354, 2371]
01754_RIGHT_MLO_1:[481, 2945, 760, 3268]
01755_RIGHT_MLO_1:[2574, 3301, 2946, 3694]
01757_RIGHT_CC_1:[2114, 1075, 2472, 1460]
01757_RIGHT_MLO_1:[1672, 2331, 2030, 2718]
01768_LEFT_CC_1:[624, 3110, 836, 3379]
01768_LEFT_MLO_1:[548, 3441, 787, 3727]
01780_LEFT_MLO_1:[128, 2106, 575, 2703]
01785_RIGHT_CC_1:[111, 3811, 242, 3977]
01798_LEFT_CC_1:[1442, 3306, 1777, 3664]
01798_LEFT_MLO_1:[1491, 4234, 1838, 4553]
01799_LEFT_CC_1:[1490, 2170, 1733, 2596]
01801_RIGHT_CC_1:[3056, 797, 3216, 982]
01801_RIGHT_MLO_1:[2950, 2987, 3124, 3169]
01802_LEFT_MLO_1:[1166, 2399, 1302, 2622]
01805_RIGHT_MLO_1:[1165, 2950, 1376, 3277]
01817_RIGHT_CC_1:[458, 1592, 664, 1885]
01819_RIGHT_CC_1:[3029, 1686, 3237, 1907]
01824_RIGHT_CC_1:[2512, 679, 2829, 1057]
01824_RIGHT_MLO_1:[2200, 2054, 2435, 2365]
01826_RIGHT_CC_1:[737, 3219, 1053, 3567]
01832_RIGHT_MLO_1:[3069, 2717, 3389, 3092]
01840_RIGHT_MLO_1:[598, 2232, 889, 2667]
01840_RIGHT_MLO_2:[121, 4673, 270, 5054]
01844_RIGHT_MLO_1:[2002, 3236, 2410, 3826]
01848_RIGHT_CC_1:[1311, 2981, 1561, 3315]
01848_RIGHT_MLO_1:[2024, 3830, 2245, 4147]
01849_RIGHT_CC_1:[2724, 3047, 2909, 3316]
01849_RIGHT_CC_2:[3265, 1313, 3421, 1494]
01849_RIGHT_MLO_1:[2682, 2044, 2833, 2227]
01853_LEFT_CC_1:[2438, 987, 2620, 1206]
01853_LEFT_CC_2:[2393, 1911, 2576, 2093]
01864_LEFT_CC_1:[539, 1015, 735, 1254]
01866_RIGHT_CC_1:[1605, 1525, 1860, 1827]
01877_LEFT_CC_1:[1464, 1883, 1697, 2197]
01877_LEFT_MLO_1:[1800, 3056, 2019, 3348]
01878_RIGHT_CC_1:[2510, 2952, 2757, 3275]
01883_LEFT_CC_1:[2623, 1529, 2933, 1961]
01887_LEFT_CC_1:[1391, 1636, 1632, 1929]
01887_LEFT_MLO_1:[2389, 1922, 2626, 2247]
01888_RIGHT_MLO_1:[1911, 1318, 2253, 1838]
01889_RIGHT_CC_1:[2650, 2406, 2928, 2673]
01889_RIGHT_MLO_1:[2288, 4162, 2562, 4446]
01908_LEFT_CC_1:[942, 2381, 1320, 2877]
01908_LEFT_CC_2:[972, 2427, 1276, 2829]
01983_LEFT_MLO_1:[1419, 3261, 1927, 3961]
02033_RIGHT_CC_1:[1635, 2906, 2023, 3418]
02033_RIGHT_MLO_1:[1832, 3700, 2265, 4275]
02079_RIGHT_CC_1:[2087, 2624, 2441, 3016]
02079_RIGHT_MLO_1:[1530, 2726, 1925, 3146]
02092_LEFT_CC_1:[376, 3194, 642, 3538]
