0.7670656950783361
0.6617527780030822
0.8174217928240289
0.7653571165327633
0.8653229351524723
0.6654679902755267
0.7423963008664759
0.70754857968371
0.7304390600910634
0.7669833816038719
0.8856632226420221
0.7471939985341247
0.7659115841336438
0.9189379533769984
0.667050854670544
0.32479967566536294
0.6885888945491595
0.7622830422595946
0.8038931858445318
0.4028581636298678
0.7832128819576518
0.7872171025884266
0.8131813152451051
0.8881898680423397
0.7558263604200596
0.8585713015814865
0.6462468896104621
0.5679866653197293
0.5760888629055831
0.7406329381879763
0.7060975609756097
0.776133667281835
0.818026132183179
0.7148881213983113
0.6355833913245187
0.7277092173732498
0.6601720958819914
0.49076405107828563
0.7634724025236623
0.4624476090871203
0.5895220844363941
0.7387836853605244
0.8272918585880782
0.721350828641698
0.9276677462525434
0.673274392240552
0.7959566445971885
0.6960824714180139
0.8454924403967587
0.33593919260489635
0.5452320531209565
0.806668146011317
0.6689723617334817
0.7515989191500942
0.8096732200674255
0.5118122609100859
0.7225913293772056
0.6837797528828315
0.6852387843704776
0.5153098899523246
0.6161136039385853
0.3006987559495525
0.33148544790223006
0.6801913799764242
0.7963129915752168
0.6443070712863752
0.6632622999116174
0.834302472569146
0.8360085115675825
0.8736490993995998
0.7782232322974387
0.7915541438705976
0.8440103320275749
0.7626493873813305
0.8451420542622875
0.8324314181457517
0.7596740077143213
0.5419010793674064
0.6783480734533943
0.7653707332164587
0.5206486362485006
0.7008296025289238
0.769692405169219
0.4928771794730763
0.8151478014126693
0.6262161423858454
0.6197372367868499
0.8817068308978183
0.7372476622386323
0.7395255229615173
0.5466002732120037
0.7084791302174457
0.7569752642720072
0.7115157320304227
0.6571188895536368
0.7901091884814638
0.8819526890268458
0.6558725561187545
0.6193078324225865
0.7290631889293209
0.7195623129090633
0.7359641218014544
0.711072830528902
0.6949341619336271
0.8057016719894796
0.85620418137388
0.6072797297723901
0.5364462127467908
0.7983288808048655
0.35734017661710316
0.8234431697393981
0.8611078717201166
0.8956367443000007
0.8363607973767762
0.7860632759311174
0.7405739914919841
0.8440023910733262
0.5459716910186121
0.7961644090676349
0.35920622416937337
0.5998060616063876
0.8327251324308417
0.747416174915578
0.7488877455282831
0.6690263850073976
0.6919954594928989
0.5440562930432179
0.7316027740319784
0.5425082860683236
0.3554174455584958
0.43641918489649634
0.6857460587427225
0.8975328083989501
0.7906886726520079
0.49050477860225145
0.45091203162907717
0.8873344129124745
0.4937330623306233
0.839307717096658
0.6235784618114077
0.6436412548270924
0.8086739168566918
0.9185769798475766
0.8270572678262639
0.8460673445468656
0.7372660102725116
0.7619678502031443
0.8099380519309345
0.6057368482173964
0.8134138939469183
0.6391183397617504
0.6255771328333202
0.6455688927002315
0.7645245421071527
0.8250042464559496
0.6552417696627113
0.763481663052701
0.716763621263048
0.8692989199611841
0.8581577628545655
0.47673058746255265
0.644935681278881
0.6352529085526042
0.7567407272229573
0.7899589669321747
0.7273252455228192
0.49690187874842856
0.8360912304148276
0.6665253257266209
0.9205758228477305
0.8952199483336692
0.878281513947861
0.8163427211424038
0.607235953644672
0.8880986285514122
0.769781502287766
0.7059582932644808
0.6220236752252456
0.7757784183338565
0.7216901224915299
0.6133628393905864
0.5409072391377509
0.5077085533262936
0.8399948260250938
0.5382857497389021
0.8058626293980702
0.7755745984904375
0.4513554875382597
0.3998013297361975
0.8580238202754572
0.7588413296066157
0.47208324994997
0.5768957617411226
0.6210658214785878
0.9011592076302274
0.9007897368224147
0.7728272784519821
0.7227807946663799
0.5605107991008893
0.6314730242278814
0.5288204164197707
0.6750726571599814
0.6037766730088586
0.8242884809700236
0.7107202426080363
0.8031992995832156
0.8033663158210838
0.6377300355732333
0.7145293153245919
0.7327188171953395
0.5981355002741912
0.4486218539715989
0.7396429998667909
0.3769865067466267
0.8607067644812664
0.7545296499884435
0.6023066672793272
0.46563537591983983
0.7480165649520488
0.5921098619444283
0.6942200754962049
0.7817759680458424
0.6679254496622447
0.8318239652720605
0.7973210989822286
0.7916428503381918
0.8270409752416453
0.5299279120592361
0.4909400416114999
0.7479901877443956
0.654852921056232
0.3124313581925631
