69.04165193386284
2221.0558862826633
56.04462507680822
2522.487859237384
4215.643983998663
57.19253035366087
3252.0340782195412
99.42257709740946
4416.652294445081
193.7596446572778
76.37604310906511
1469.3056178321178
63.21775016444609
3279.8318400863927
92.62203920819809
3553.2027183609475
74.73285756613352
3957.457510360296
93.01720231236861
2584.8534188975327
3830.5099251205916
70.30503485728873
48.95506074847256
33.54492416631358
49.0
118.0889495253472
1830.0262756194256
145.8717300807033
47.53945729601885
1682.233693604551
1363.9832063543122
50.93718531874739
71.59718692726425
2376.702905013826
81.35968316649462
153.39999999999964
43.0
1770.4413551418013
74.24957912338628
631.2097907925463
106.51157614244747
512.5018047717118
3157.141705252534
170.22514458145955
41.72529209005013
2166.0302417169505
183.0568215153963
181.4612790718342
36.9242134439754
134.2013412749664
109.2279715831892
3700.5529766718405
3048.214326216565
75.39554381146276
54.120236510939236
1321.5655109425022
70.90971564675277
2266.023784130404
50.0
1140.4056292863581
154.86054373128547
193.25918144078418
117.0
3076.170589866282
53.33851914807335
106.77756134571888
60.50617768978014
2737.3728549144707
64.5921694160167
32.9832416727296
93.62157870918435
71.96499424154074
62.13291147725916
73.34807649150274
52.25274208564121
3368.0705897293424
37.59786748707686
128.98371921793367
87.29833904490967
3261.6697394339035
3484.202792509436
1790.026369249225
69.85985948468426
144.05623636877658
3098.5889206098154
83.94253940030289
3165.0060979403065
2021.0679349590355
33.70442302931683
97.06874110753066
126.11547001612121
109.73139378291586
67.8524365431349
148.0
222.0
86.49043006969413
48.16637831516918
58.14550250462623
88.68483523128404
84.87636762290694
76.54083814530424
116.5067881169962
143.93400863388467
868.9712306938357
2633.6483147743234
34.781260278832626
123.64029634121911
72.44998274671983
26.408322267374093
2059.5520538607702
44.140681214254975
3331.998272617868
1930.8770309653003
77.4919350642375
74.92262097708264
1142.098507135002
78.03587386567328
1608.5336176141461
84.86020504648968
194.41861873707353
2957.214567423398
3562.4547402118715
3859.1260343869712
3406.5101105958715
166.24215828508954
146.98978357894407
185.32889671629354
3926.79463969941
152.46768250104247
793.6079503442367
1039.29519363886
55.104808360297305
17.88854381999832
47.96223836911892
2679.8769735779583
133.82133515538243
30.01666203960727
122.701220983745
2317.6747827635563
3237.0235556721436
2513.179775643311
31.969508901271592
3129.172635259239
3232.2172033787006
1031.610690207705
57.83250656977505
2162.05767559391
1685.1639642452135
2011.5466681594912
94.0
166.50825805346713
151.0
174.26804048334571
101.15032694864266
99.79999999999973
97.68776645300956
1261.079299392431
160.0791888228195
40.80931222129064
65.59711255719587
2046.2496900399672
90.0
1708.8270831187103
44.97664646712972
3870.0100772826518
133.75574449822304
2168.345756085239
32.01259013077869
2490.0200396307837
33.53803757569356
2923.5217118886007
27.86393772664982
48.07673664753243
136.0
35.83013267475105
92.76879765614052
1756.424173974083
80.65358020571685
4343.471905346514
3232.1952543569864
53.78518412553014
79.54999999999995
1079.3780616632896
39.66106403010388
2010.6714668431198
45.52568248717286
78.16581797311999
139.83204210766573
3432.118675104154
2445.1014495828017
55.0
149.65469777498484
189.2569522115922
2864.1001724628168
33.962475638794395
36.05551275463989
73.71532148978942
42.60375372258566
50.659629939735765
50.31989171471795
117.10354761736401
63.0
3876.895381482943
2476.393473132928
2516.3483064198745
67.02990969636801
49.450816036920635
2181.6357143114565
1068.5788088166303
87.71772721170257
2134.082915043294
1818.6636027306106
45.476861613887635
3573.5723851492626
5110.193657495212
3874.36208939512
131.94543271303436
111.53733478422973
67.01305772812175
130.49521064008442
3742.3274823853076
72.0
123.95321609920177
37.357728588668834
54.25669737042341
62.0
107.83273285872083
1426.194410951015
215.0790551201037
80.77251947219199
144.62710672622887
139.9889253678162
