0.6223625072906303
0.4948748618408103
0.6914233792912733
0.6203549110337261
0.7627862294423813
0.49960225766127503
0.5904365120001724
0.5475810801998922
0.5755483346872461
0.6221040518864634
0.7948326734421103
0.5968787955175654
0.6209250140248084
0.8505194805194806
0.5007643938688965
0.19417385921345676
0.5253820572212373
0.6159828459784378
0.6721901540276516
0.25257132635721313
0.6439202510204648
0.6493446673087392
0.6854323947769173
0.7991524226585676
0.6079350766456267
0.7522095353761638
0.4773969316567891
0.3968477839286344
0.4058018520036057
0.5889629722816287
0.5460357326331412
0.6344114956137991
0.6923599320882853
0.5566222898440472
0.46673455532926
0.5720549844999184
0.49388988054373195
0.3258512688724703
0.6175065143935234
0.30094744323265793
0.4184378495755741
0.5860695943216573
0.7056663017802616
0.5642278841454345
0.86512486548666
0.5075545359550983
0.6611470370944645
0.5339610620208477
0.7326588907402999
0.2023118880057255
0.37522048285745785
0.6763558692421991
0.5031597002798591
0.6022040968806426
0.6806586205930946
0.34403587901026933
0.5660045648016778
0.5199447768062586
0.5218812368032858
0.3473975829182594
0.4455015268968757
0.17714296190035336
0.19967822217753087
0.5157346853062938
0.6617798884988644
0.4754736927705945
0.49741059214383426
0.7157725833730865
0.7182900774534159
0.7758668297108595
0.6373392350091865
0.6554172834937083
0.730252324560971
0.6165363546982536
0.7318912992582356
0.7130438275359492
0.6134487416820934
0.3720436590175465
0.5136650432628742
0.620236684415216
0.3521531594959275
0.5395387319450562
0.6259731686955171
0.3273387199737356
0.6881081081081081
0.4562489492105706
0.44947801768312806
0.7886995383557607
0.5845021260392207
0.5869261519944979
0.3765564880176932
0.5487438239016016
0.6091857727629431
0.5522623174404728
0.48939610716870446
0.6531575749076801
0.788882445375636
0.48905517567625684
0.449290169929017
0.5738650012010569
0.5622549860746294
0.5823489762317816
0.5517857915302871
0.5325809548338758
0.6752619804544919
0.7491592857481173
0.43616635544516763
0.3676179422407319
0.665140861686565
0.21825593565801796
0.7001867219917013
0.7564488329292162
0.8111252939200537
0.7189029705625964
0.6477260237838789
0.5881183185359666
0.7301848969252773
0.3755956200592548
0.6616181129742679
0.21943557185483129
0.42921460730365185
0.7139694041867954
0.5977947965889957
0.5995463101501037
0.502755352484448
0.5291517227842907
0.3738940933792943
0.5775950278546254
0.3724373812402833
0.21726953804427934
0.28001701318521854
0.5223702525352952
0.814554436633099
0.6541413495362968
0.32521011688362456
0.2914932347041705
0.7977265686438053
0.3285409412557565
0.7233355091383812
0.4537473288535311
0.4753752794634302
0.679391556747621
0.8498333333333333
0.7056236581480712
0.7333863689357675
0.5844264507422402
0.6159236122657419
0.681173305818624
0.43463780183180684
0.6855807898835399
0.46971862774601264
0.4552453684616945
0.47672354392741617
0.6189015020552419
0.7022043841276762
0.4875411220769983
0.617808923504656
0.5586203463514732
0.7688999480056451
0.7516426585797321
0.31332646582714907
0.47642725598526703
0.4660168491310895
0.6093915973773855
0.6535276317885014
0.57158874512805
0.3306957527681375
0.7187726285300506
0.5005628842767659
0.8529724853405503
0.8104722452361226
0.7834193102888013
0.6901502707306686
0.43631118723519335
0.798858441238468
0.6258360161257577
0.545660868945724
0.45200191905094206
0.633904544448457
0.5648431132844336
0.4430221437504598
0.3714777632280906
0.34125663327785977
0.7243863492888707
0.3687030779453972
0.6752473792495346
0.6337587286299061
0.291764415359921
0.250109301177632
0.7515035504785428
0.6117587995760585
0.3092231597323247
0.4054980605494842
0.4518605395031453
0.8202199209992527
0.8195997427270928
0.6299968344412789
0.5668136946019744
0.3907604768786127
0.46294416243654823
0.3598978501339329
0.509935017311661
0.43326602873613673
0.7013649129711454
0.5517808476646932
0.6713724415204678
0.6715613126512596
0.46835640764247427
0.5559764644410873
0.5784589500249744
0.42707889125799575
0.29027186979840947
0.5879407579191482
0.2331610998339177
0.755969997972836
0.6061368290362631
0.4312406904407255
0.30385445099938363
0.5978153102224696
0.42086490845368923
0.532015343759221
0.6419415722010583
0.5016204683886518
0.7123340283112037
0.6632495706725546
0.6553096342700668
0.7051530548372753
0.3607611781405252
0.3255397260960543
0.5976267111335168
0.4870349584370374
0.18576781345802496
