01181_LEFT_CC_1: [1, 1.0, 1.0, 0.7882936812957628, 0.8816154634339262]
01185_RIGHT_CC_1: [1, 1.0, 1.0, 0.6998536333461424, 0.8234281112409526]
01194_LEFT_MLO_1: [1, 1.0, 1.0, 0.728743945763828, 0.8430906700203538]
01209_LEFT_CC_1: [1, 1.0, 1.0, 0.6483926150870017, 0.7866968210759422]
01212_RIGHT_MLO_1: [1, 1.0, 1.0, 0.6368248315895445, 0.778122153695719]
01216_RIGHT_MLO_1: [1, 1.0, 1.0, 0.8297461652297994, 0.9069522111834467]
01218_RIGHT_CC_1: [1, 1.0, 1.0, 0.5503304125331431, 0.7099524179931909]
01218_RIGHT_MLO_1: [1, 1.0, 1.0, 0.6255069516987052, 0.7696146128997247]
01222_LEFT_MLO_1: [1, 1.0, 1.0, 0.5141887594639546, 0.6791607139468993]
01225_RIGHT_CC_1: [1, 1.0, 1.0, 0.8213543728475581, 0.9019160522435059]
01225_RIGHT_MLO_1: [1, 1.0, 1.0, 0.8430713429446218, 0.9148548114232747]
01230_LEFT_MLO_1: [0, 0.0, 0.0, 0.24672267187078234, 0.39579399242104124]
01233_LEFT_MLO_1: [1, 1.0, 1.0, 0.628965725517335, 0.772227083313966]
01237_RIGHT_MLO_1: [1, 1.0, 1.0, 0.8017784832543473, 0.8899856344229243]
01239_RIGHT_CC_1: [1, 1.0, 1.0, 0.53621125720252, 0.6980957269887144]
01243_LEFT_CC_1: [1, 1.0, 1.0, 0.5806048825526458, 0.7346616336082428]
01248_LEFT_MLO_1: [1, 1.0, 1.0, 0.6019473938340886, 0.7515195519540655]
01250_RIGHT_CC_1: [1, 1.0, 1.0, 0.8418434913365429, 0.9141314072518235]
01250_RIGHT_MLO_1: [1, 1.0, 1.0, 0.7296241374346921, 0.8436794117788399]
01258_LEFT_CC_1: [0, 0.0, 0.0, 0.0, 0.0]
01261_LEFT_CC_1: [1, 1.0, 1.0, 0.7571066483858172, 0.861765162725143]
01261_LEFT_MLO_1: [1, 1.0, 1.0, 0.755071239322794, 0.860445117446222]
01264_LEFT_MLO_1: [1, 1.0, 1.0, 0.826103870520299, 0.9047720492317044]
01265_RIGHT_CC_1: [1, 1.0, 1.0, 0.7188303235769716, 0.8364180148754299]
01270_LEFT_CC_1: [1, 1.0, 1.0, 0.7235763112856305, 0.8396220191096833]
01270_RIGHT_CC_1: [1, 1.0, 1.0, 0.8002716276492192, 0.8890565349787884]
01270_RIGHT_MLO_1: [0, 0.0, 0.0, 0.0, 0.0]
01270_RIGHT_MLO_2: [1, 1.0, 1.0, 0.7042443459103289, 0.8264593602440898]
01271_RIGHT_CC_1: [1, 1.0, 1.0, 0.61503009499691, 0.7616329836851575]
01274_RIGHT_MLO_1: [1, 1.0, 1.0, 0.7112264076702344, 0.8312475829993068]
01280_RIGHT_CC_1: [1, 1.0, 1.0, 0.687249905248568, 0.814639139241583]
01285_RIGHT_MLO_1: [1, 1.0, 1.0, 0.5308871249804411, 0.6935679532705245]
01290_RIGHT_CC_1: [1, 1.0, 1.0, 0.8414057885876733, 0.9138732959376837]
01302_RIGHT_CC_1: [1, 1.0, 1.0, 0.7623893786135434, 0.8651770010249479]
01302_RIGHT_MLO_1: [1, 1.0, 1.0, 0.7389089912749172, 0.8498535518332914]
01305_LEFT_CC_1: [1, 1.0, 1.0, 0.6092032714524872, 0.7571489348298586]
01326_LEFT_MLO_1: [1, 1.0, 1.0, 0.5432596235425248, 0.7040417765812884]
01332_RIGHT_MLO_1: [1, 1.0, 1.0, 0.7266018361916337, 0.8416553497873019]
01340_LEFT_CC_1: [1, 1.0, 1.0, 0.6028180266722559, 0.7521977125797826]
01343_LEFT_CC_1: [1, 1.0, 1.0, 0.7632563193091556, 0.8657349597456139]
01343_LEFT_CC_2: [1, 1.0, 1.0, 0.6923252982595076, 0.8181941131194316]
01343_LEFT_MLO_1: [1, 1.0, 1.0, 0.8590353569452316, 0.9241732318171711]
01349_LEFT_MLO_1: [1, 1.0, 1.0, 0.7368036141913992, 0.8484593285861299]
01350_RIGHT_CC_1: [1, 1.0, 1.0, 0.7166858270830108, 0.8349644597471886]
01350_RIGHT_MLO_1: [1, 1.0, 1.0, 0.8352361033593952, 0.9102219619922446]
01356_LEFT_CC_1: [1, 1.0, 1.0, 0.7188473803980081, 0.8364295615723081]
01356_LEFT_MLO_1: [1, 1.0, 1.0, 0.7106878869894492, 0.8308796623797365]
01364_LEFT_CC_1: [1, 1.0, 1.0, 0.47583028376619146, 0.6448306272072337]
01364_LEFT_MLO_1: [1, 1.0, 1.0, 0.7253207088320941, 0.8407952273674139]
01371_RIGHT_CC_1: [1, 1.0, 1.0, 0.5852410178914943, 0.7383621938699452]
01373_RIGHT_MLO_1: [1, 1.0, 1.0, 0.8518574070325814, 0.9200032397716829]
01374_RIGHT_CC_1: [0, 0.0, 0.0, 0.25745954332816, 0.40949157321870294]
01374_RIGHT_MLO_1: [1, 1.0, 1.0, 0.6172187025177529, 0.7633088852569431]
01382_LEFT_CC_1: [1, 1.0, 1.0, 0.7497784652244659, 0.8569981630540668]
01382_LEFT_MLO_1: [1, 1.0, 1.0, 0.747639578180642, 0.855599275176593]
01383_LEFT_MLO_1: [1, 1.0, 1.0, 0.7431074794519932, 0.8526238206328103]
01389_RIGHT_CC_1: [1, 1.0, 1.0, 0.6810807869461674, 0.8102891809065418]
01394_LEFT_MLO_1: [1, 1.0, 1.0, 0.4397943817731326, 0.6109127627397989]
01405_RIGHT_CC_1: [1, 1.0, 1.0, 0.6372496033927045, 0.7784391604947682]
01405_RIGHT_MLO_1: [1, 1.0, 1.0, 0.7438527585035473, 0.8531141805135771]
01412_LEFT_CC_1: [1, 1.0, 1.0, 0.6507001046450788, 0.7883928798623144]
01412_LEFT_MLO_1: [1, 1.0, 1.0, 0.691110442285661, 0.8173451301637923]
01413_RIGHT_CC_1: [1, 1.0, 1.0, 0.44234278614640116, 0.6133670725087986]
01413_RIGHT_MLO_1: [0, 0.0, 0.0, 0.22181502556142585, 0.36309100955687057]
01423_RIGHT_CC_1: [1, 1.0, 1.0, 0.7424611463160843, 0.8521982230545542]
01426_RIGHT_CC_1: [1, 1.0, 1.0, 0.6376871755586473, 0.7787655482386246]
01426_RIGHT_MLO_1: [1, 1.0, 1.0, 0.823255988611694, 0.9030613295706839]
01427_LEFT_MLO_1: [1, 1.0, 1.0, 0.6595454239064371, 0.7948507035787186]
01431_LEFT_MLO_1: [1, 1.0, 1.0, 0.6766835811347014, 0.8071690911134867]
01434_LEFT_CC_1: [1, 1.0, 1.0, 0.8910472375884936, 0.9423849599069531]
01434_LEFT_MLO_1: [1, 1.0, 1.0, 0.707739909078902, 0.8288614739473218]
01439_LEFT_CC_1: [1, 1.0, 1.0, 0.5330930372999643, 0.6954477312594559]
01441_RIGHT_CC_1: [1, 1.0, 1.0, 0.6548605446171711, 0.7914389484325568]
01441_RIGHT_MLO_1: [1, 1.0, 1.0, 0.6030465445006232, 0.7523755895540545]
01442_RIGHT_CC_1: [1, 1.0, 1.0, 0.6797729697871814, 0.8093629103619939]
01442_RIGHT_MLO_1: [1, 1.0, 1.0, 0.6382938086143001, 0.7792177511238734]
01447_RIGHT_CC_1: [1, 1.0, 1.0, 0.8907710647281961, 0.9422304808289914]
01447_RIGHT_MLO_1: [1, 1.0, 1.0, 0.7810263244572221, 0.8770519713629099]
01452_RIGHT_CC_1: [1, 1.0, 1.0, 0.7019791369421923, 0.8248974640234206]
01461_RIGHT_CC_1: [1, 1.0, 1.0, 0.44870367013043844, 0.6194554198789847]
01461_RIGHT_MLO_1: [1, 1.0, 1.0, 0.548288581318655, 0.7082511463743866]
01473_RIGHT_MLO_1: [1, 1.0, 1.0, 0.7798469122135336, 0.8763078519417888]
01474_RIGHT_CC_1: [1, 1.0, 1.0, 0.5354108841580515, 0.6974170753669576]
01474_RIGHT_MLO_1: [0, 0.0, 0.0, 0.0, 0.0]
01481_RIGHT_CC_1: [1, 1.0, 1.0, 0.6983164209169063, 0.8223631501365232]
01481_RIGHT_MLO_1: [1, 1.0, 1.0, 0.41639616607095237, 0.5879656780292267]
01491_RIGHT_MLO_1: [1, 1.0, 1.0, 0.6810468004189156, 0.8102651279538432]
01498_RIGHT_MLO_1: [1, 1.0, 1.0, 0.6306485913570011, 0.7734941724411449]
01503_LEFT_CC_1: [1, 1.0, 1.0, 0.7774749240341915, 0.8748083177113063]
01503_LEFT_MLO_1: [1, 1.0, 1.0, 0.6450496719731679, 0.7842312398986201]
01506_LEFT_MLO_1: [1, 1.0, 1.0, 0.5979140727458264, 0.7483682420023772]
01508_LEFT_MLO_1: [1, 1.0, 1.0, 0.8318390084363473, 0.9082009986744444]
01509_RIGHT_MLO_1: [1, 1.0, 1.0, 0.6466478778820781, 0.7854112425223514]
01516_RIGHT_CC_1: [1, 1.0, 1.0, 0.47454636179004783, 0.6436506495651518]
01516_RIGHT_MLO_1: [1, 1.0, 1.0, 0.6272103826283082, 0.770902631060187]
01529_RIGHT_CC_1: [1, 1.0, 1.0, 0.5585338406984912, 0.7167426540423042]
01529_RIGHT_MLO_1: [1, 1.0, 1.0, 0.6022886761200041, 0.7517854742360989]
01540_LEFT_MLO_1: [1, 1.0, 1.0, 0.6717252654366448, 0.8036311699353232]
01556_LEFT_CC_1: [1, 1.0, 1.0, 0.845410253500348, 0.9162301465452312]
01557_RIGHT_CC_1: [1, 1.0, 1.0, 0.7650269689991742, 0.8668728381334235]
01557_RIGHT_MLO_1: [1, 1.0, 1.0, 0.5285991552336348, 0.691612517806007]
01560_RIGHT_CC_1: [1, 1.0, 1.0, 0.6249527452396366, 0.7691949776022231]
01560_RIGHT_MLO_1: [1, 1.0, 1.0, 0.7509014127437702, 0.8577312317854168]
01565_RIGHT_CC_1: [1, 1.0, 1.0, 0.5969686216263431, 0.7476272401875923]
01565_RIGHT_MLO_1: [1, 1.0, 1.0, 0.7483406264612178, 0.8560581560996149]
01567_LEFT_MLO_1: [1, 1.0, 1.0, 0.785936842466448, 0.8801395702000736]
01572_RIGHT_CC_1: [1, 1.0, 1.0, 0.7747953696724639, 0.8731095233986906]
01572_RIGHT_MLO_1: [1, 1.0, 1.0, 0.7530118395263437, 0.8591063934055394]
01573_RIGHT_CC_1: [1, 1.0, 1.0, 0.4814855286412145, 0.6500036879642318]
01581_LEFT_CC_1: [1, 1.0, 1.0, 0.6897299773241233, 0.8163789322319865]
01581_LEFT_MLO_1: [1, 1.0, 1.0, 0.7103881152207973, 0.8306747560966207]
01583_RIGHT_MLO_1: [1, 1.0, 1.0, 0.4383572284340045, 0.6095248381533995]
01589_LEFT_CC_1: [1, 1.0, 1.0, 0.7676077305288825, 0.8685272385623796]
01589_LEFT_MLO_1: [1, 1.0, 1.0, 0.6969214158879954, 0.8213950385242771]
01591_LEFT_CC_1: [1, 1.0, 1.0, 0.8110230116286918, 0.8956518016845313]
01591_LEFT_MLO_1: [1, 1.0, 1.0, 0.6889554275384915, 0.8158361272358564]
01593_LEFT_CC_1: [1, 1.0, 1.0, 0.6715334734119083, 0.8034938983796532]
01596_RIGHT_MLO_1: [0, 0.0, 0.0, 0.0, 0.0]
01600_RIGHT_CC_1: [1, 1.0, 1.0, 0.7483045339477175, 0.8560345402274124]
01600_RIGHT_MLO_1: [0, 0.0, 0.0, 0.0, 0.0]
01604_LEFT_CC_1: [1, 1.0, 1.0, 0.6257898343973273, 0.7698286963755123]
01604_LEFT_MLO_1: [1, 1.0, 1.0, 0.7186350501927968, 0.8362858072889647]
01606_RIGHT_MLO_1: [1, 1.0, 1.0, 0.6138843827645833, 0.760753854886432]
01608_RIGHT_MLO_1: [1, 1.0, 1.0, 0.8013879220964132, 0.8897449708264689]
01611_RIGHT_CC_1: [1, 1.0, 1.0, 0.6596756384437074, 0.7949452569687546]
01611_RIGHT_MLO_1: [1, 1.0, 1.0, 0.7066339727128005, 0.8281025504133871]
01612_LEFT_CC_1: [1, 1.0, 1.0, 0.5589870188284176, 0.7171156809868727]
01612_LEFT_MLO_1: [1, 1.0, 1.0, 0.639149708445083, 0.7798551958397847]
01620_RIGHT_MLO_1: [1, 1.0, 1.0, 0.6244217750726342, 0.7687926678337145]
01621_RIGHT_CC_1: [1, 1.0, 1.0, 0.6486191385955059, 0.78686353131637]
01630_RIGHT_MLO_1: [1, 1.0, 1.0, 0.558511807227007, 0.7167245119826753]
01632_LEFT_CC_1: [1, 1.0, 1.0, 0.6603365037840121, 0.7954249060706229]
01632_LEFT_MLO_1: [1, 1.0, 1.0, 0.8748205563813635, 0.9332312400818517]
01633_RIGHT_CC_1: [1, 1.0, 1.0, 0.6416601565783013, 0.7817210571957941]
01633_RIGHT_MLO_1: [1, 1.0, 1.0, 0.6892910324796873, 0.8160713805103036]
01634_LEFT_CC_1: [1, 1.0, 1.0, 0.7162748474911348, 0.8346854800537239]
01635_LEFT_CC_1: [1, 1.0, 1.0, 0.3489194481406448, 0.5173317778487019]
01635_LEFT_MLO_1: [1, 1.0, 1.0, 0.38726083597391114, 0.558310053786012]
01637_LEFT_MLO_1: [1, 1.0, 1.0, 0.7915450863667961, 0.8836451757650461]
01638_RIGHT_CC_1: [1, 1.0, 1.0, 0.5934618252408568, 0.7448710924105799]
01641_LEFT_CC_1: [1, 1.0, 1.0, 0.7027323493033566, 0.8254172766387711]
01641_LEFT_MLO_1: [1, 1.0, 1.0, 0.5038162877242499, 0.6700503137742755]
01642_RIGHT_CC_1: [1, 1.0, 1.0, 0.8578434899483472, 0.9234830539704908]
01642_RIGHT_MLO_1: [1, 1.0, 1.0, 0.7881676351706719, 0.8815366296409287]
01644_LEFT_CC_1: [1, 1.0, 1.0, 0.7932298448098173, 0.8846940029530281]
01644_LEFT_MLO_1: [1, 1.0, 1.0, 0.7900235304255389, 0.8826962517500853]
01644_RIGHT_MLO_1: [1, 1.0, 1.0, 0.701180298068316, 0.824345660321253]
01649_LEFT_CC_1: [1, 1.0, 1.0, 0.7184085645119027, 0.8361324301429558]
01652_RIGHT_CC_1: [1, 1.0, 1.0, 0.6937358710935325, 0.8191783417158585]
01652_RIGHT_MLO_1: [1, 1.0, 1.0, 0.6216505754234535, 0.7666886872483303]
01654_RIGHT_CC_1: [1, 1.0, 1.0, 0.6226891271521079, 0.7674780298120999]
01663_RIGHT_CC_1: [1, 1.0, 1.0, 0.8038355107039992, 0.8912514538426832]
01668_LEFT_CC_1: [1, 1.0, 1.0, 0.4500267118622927, 0.6207150643236304]
01668_LEFT_MLO_1: [1, 1.0, 1.0, 0.3848850266634755, 0.555836794034458]
01669_LEFT_CC_1: [1, 1.0, 1.0, 0.5520191305898916, 0.711356090540044]
01671_LEFT_CC_1: [1, 1.0, 1.0, 0.7000880603896723, 0.8235903500542285]
01671_LEFT_MLO_1: [1, 1.0, 1.0, 0.5913000197992129, 0.7431659805720633]
01674_LEFT_CC_1: [1, 1.0, 1.0, 0.5973207930805587, 0.7479033587593619]
01675_RIGHT_CC_1: [1, 1.0, 1.0, 0.6088307567551187, 0.7568611604406184]
01682_LEFT_MLO_1: [1, 1.0, 1.0, 0.7712397306163153, 0.8708473701049569]
01685_RIGHT_CC_1: [1, 1.0, 1.0, 0.7633157383808528, 0.8657731814743057]
01685_RIGHT_MLO_1: [1, 1.0, 1.0, 0.790714160241933, 0.8831271654601806]
01686_RIGHT_MLO_1: [1, 1.0, 1.0, 0.518543281376641, 0.6829483067569252]
01689_LEFT_MLO_1: [1, 1.0, 1.0, 0.5576688953029223, 0.7160300844223657]
01694_RIGHT_CC_1: [1, 1.0, 1.0, 0.4798740174396623, 0.648533607299755]
01698_RIGHT_CC_1: [1, 1.0, 1.0, 0.7789573798880095, 0.8757459719884318]
01698_RIGHT_MLO_1: [1, 1.0, 1.0, 0.8682935466455977, 0.9295044113432427]
01701_LEFT_CC_1: [1, 1.0, 1.0, 0.4679052283712918, 0.6375142200296597]
01701_LEFT_MLO_1: [1, 1.0, 1.0, 0.466393742375092, 0.6361098372115014]
01702_RIGHT_MLO_1: [1, 1.0, 1.0, 0.7227912662073549, 0.8390932556775104]
01710_LEFT_CC_1: [1, 1.0, 1.0, 0.7851450191834802, 0.8796428421738006]
01712_LEFT_CC_1: [1, 1.0, 1.0, 0.8229387743441975, 0.9028704484496467]
01712_LEFT_MLO_1: [1, 1.0, 1.0, 0.7410493929260296, 0.851267512497865]
01712_RIGHT_CC_1: [1, 1.0, 1.0, 0.8060317590278138, 0.8925997618798247]
01712_RIGHT_MLO_1: [1, 1.0, 1.0, 0.7591703879470364, 0.8631004627505051]
01715_RIGHT_CC_1: [1, 1.0, 1.0, 0.44010952641311035, 0.6112167419783603]
01720_RIGHT_MLO_1: [1, 1.0, 1.0, 0.8361309263999095, 0.9107530561987823]
01725_RIGHT_CC_1: [1, 1.0, 1.0, 0.7215522059443935, 0.8382577112130862]
01725_RIGHT_MLO_1: [1, 1.0, 1.0, 0.6184769516901564, 0.7642703234597048]
01735_RIGHT_MLO_1: [1, 1.0, 1.0, 0.47693672376245044, 0.6458458457820304]
01739_LEFT_CC_1: [1, 1.0, 1.0, 0.8165062360709358, 0.8989853377404543]
01739_LEFT_MLO_1: [1, 1.0, 1.0, 0.7749479768577481, 0.8732064116376699]
01739_RIGHT_CC_1: [1, 1.0, 1.0, 0.7937485449068491, 0.8850165171262275]
01739_RIGHT_MLO_1: [1, 1.0, 1.0, 0.547194703792474, 0.7073378708590377]
01744_LEFT_MLO_1: [1, 1.0, 1.0, 0.7224087165913164, 0.838835416510175]
01751_LEFT_CC_1: [1, 1.0, 1.0, 0.6314363122314566, 0.7740863771357235]
01753_RIGHT_CC_1: [1, 1.0, 1.0, 0.6300450537829454, 0.7730400485811865]
01754_RIGHT_CC_1: [1, 1.0, 1.0, 0.6601686656605644, 0.795303127104727]
01754_RIGHT_MLO_1: [1, 1.0, 1.0, 0.6861880200996632, 0.8138926524446611]
01755_RIGHT_MLO_1: [1, 1.0, 1.0, 0.5761358309285965, 0.7310738321191014]
01757_RIGHT_CC_1: [1, 1.0, 1.0, 0.5287186380423272, 0.6917147797967621]
01757_RIGHT_MLO_1: [1, 1.0, 1.0, 0.7175112217857444, 0.8355243478872039]
01768_LEFT_CC_1: [1, 1.0, 1.0, 0.6797809429574516, 0.8093685617847497]
01768_LEFT_MLO_1: [1, 1.0, 1.0, 0.3162471729767842, 0.4805285503657634]
01780_LEFT_MLO_1: [1, 1.0, 1.0, 0.5276747206135185, 0.6908207794413236]
01785_RIGHT_CC_1: [1, 1.0, 1.0, 0.5963311546711436, 0.7471271270076695]
01798_LEFT_CC_1: [1, 1.0, 1.0, 0.7543639633430842, 0.8599857032010415]
01798_LEFT_MLO_1: [1, 1.0, 1.0, 0.8834525187736741, 0.9381202976636701]
01799_LEFT_CC_1: [1, 1.0, 1.0, 0.5833088570153195, 0.7368225781480305]
01801_RIGHT_CC_1: [1, 1.0, 1.0, 0.8855374620556087, 0.9392944769076057]
01801_RIGHT_MLO_1: [1, 1.0, 1.0, 0.8521701567414669, 0.9201856035092311]
01802_LEFT_MLO_1: [1, 1.0, 1.0, 0.8289955316220052, 0.9065036160988632]
01805_RIGHT_MLO_1: [1, 1.0, 1.0, 0.5611997603547533, 0.7189339565709787]
01817_RIGHT_CC_1: [1, 1.0, 1.0, 0.7097139221393939, 0.8302136549854106]
01819_RIGHT_CC_1: [1, 1.0, 1.0, 0.7097014351879178, 0.8302051113502313]
01824_RIGHT_CC_1: [1, 1.0, 1.0, 0.576698758791914, 0.7315268761088994]
01824_RIGHT_MLO_1: [1, 1.0, 1.0, 0.7799719144911461, 0.8763867655902003]
01826_RIGHT_CC_1: [1, 1.0, 1.0, 0.6346918544761583, 0.7765278241746022]
01832_RIGHT_MLO_1: [1, 1.0, 1.0, 0.8221164119025017, 0.902375289012535]
01840_RIGHT_MLO_1: [1, 1.0, 1.0, 0.6463639451185598, 0.7852017739273477]
01844_RIGHT_MLO_1: [1, 1.0, 1.0, 0.5919703766708694, 0.7436952161243083]
01848_RIGHT_CC_1: [1, 1.0, 1.0, 0.6481664666350955, 0.7865303411473905]
01848_RIGHT_MLO_1: [1, 1.0, 1.0, 0.48181573583450316, 0.6503045205727452]
01849_RIGHT_CC_1: [0, 0.0, 0.0, 0.0, 0.0]
01849_RIGHT_MLO_1: [1, 1.0, 1.0, 0.7328009754410508, 0.8457993570260204]
01853_LEFT_CC_1: [0, 0.0, 0.0, 0.0, 0.0]
01864_LEFT_CC_1: [1, 1.0, 1.0, 0.7540466425834018, 0.8597794656963328]
01866_RIGHT_CC_1: [1, 1.0, 1.0, 0.6352067894078933, 0.7769131017831709]
01877_LEFT_CC_1: [1, 1.0, 1.0, 0.4807392104808074, 0.6493232664848629]
01877_LEFT_MLO_1: [1, 1.0, 1.0, 0.40170860618327114, 0.5731699219241982]
01878_RIGHT_CC_1: [1, 1.0, 1.0, 0.75289316354519, 0.8590291515798707]
01883_LEFT_CC_1: [1, 1.0, 1.0, 0.6321270659641575, 0.7746052119915513]
01887_LEFT_CC_1: [1, 1.0, 1.0, 0.6489606890927065, 0.7871148092072208]
01887_LEFT_MLO_1: [1, 1.0, 1.0, 0.6398306681809297, 0.7803618758889248]
01888_RIGHT_MLO_1: [1, 1.0, 1.0, 0.551851170621382, 0.7112166180219632]
01889_RIGHT_CC_1: [1, 1.0, 1.0, 0.8241194081757783, 0.9035805490386661]
01889_RIGHT_MLO_1: [1, 1.0, 1.0, 0.814669697802873, 0.8978710547591569]
01908_LEFT_CC_1: [1, 1.0, 1.0, 0.757122141028436, 0.8617751986043448]
01983_LEFT_MLO_1: [1, 1.0, 1.0, 0.7028484779513159, 0.8254973793051835]
02033_RIGHT_CC_1: [1, 1.0, 1.0, 0.5196365984092639, 0.683895872148924]
02033_RIGHT_MLO_1: [1, 1.0, 1.0, 0.5125810464359015, 0.6777568020486539]
02079_RIGHT_CC_1: [1, 1.0, 1.0, 0.8455341683283734, 0.9163029141792931]
02079_RIGHT_MLO_1: [1, 1.0, 1.0, 0.7726535370234621, 0.8717479427151428]
02092_LEFT_CC_1: [1, 1.0, 1.0, 0.8285320899748405, 0.9062264693273615]
